                                       
                                       
                                       
           3                           
                                       
                                       
                                       
     3   23232                     44  
                           44      44  
                 44        44      44  
                 44        44      44  
111111111111111111111111111111111111111
111111111111111111111111111111111111111