                                    55 
                  5                    
      5                    555         
                              22222222 
                                       
                                       
                                       
       44                  232         
       44                              
       44                              
       44                              
111111111111111111   111111111111111  1
111111111111111111   111111111111111  1