                                       
    55                              5  
          5              5             
2332                                   
                                       
                                       
                                       
 22      9  9          99  9           
        99  99        999  99          
       999  999      9999  999     44  
      9999  9999    99999  9999    44  
1111111111111111111111111  111111111111
1111111111111111111111111  111111111111