                                       
                 5          5          
                                   555 
  2223              3           222    
                                       
                                       
                                       
     2     22    3  3  3     2         
                                       
                                       
                                       
111111111111111111111111111111111111111
111111111111111111111111111111111111111