      2   2222222    44                
      2              44                
      2              44                
      2              44                
      2              44                
      2              44                
      2   2222222    44                
      2   2222222  4444                
      2   2222222  4444                
      11111111111111111                
      11111111111111111                
                                       
                                      x
